759551920402071573
725944658806440007
546445579002314772
384459643545583627
279775036875735051
268512055110270977
222163729117216771
192904072855158785
369714339965566977
218917111286857728
188147386009255936
174637697439236097
212355622430048256
177205276187951106
234519864335663107
535585974210527233
729412758931636334
298963957157462026
710486805836988507
741021491130269736
195084883951878144
410544741944655873
204291805389258753
118496327674888195
215282388333363201
663937808926244896
569707130500808705
509064331674124321
205426652140797953
361635891430686740
634599909953110038
455080243183484949
392117147498708992
261685189820809216
705311598637744128
677914858498293771
478658720742506498
342700005884297228
430131787868667905
453375569548279839
265274348766494720
442340699652751361
224842554133184512
201526635185438720
281209773263945728
820418045666394112
693716367056175115
633669960001912832
269681092662001685
360629680816128000
100751306620157952
152938633198960641
121293146398130176
331950616718868482
168822163577634816
508391840525975553
744522957858013225
283121494941499392
161647482193969152
252064300485705728
379325160475459584
679584835702226948
112991571640606720
518835617174519819
431834170936000513
409943107061284877
523619935520424007
121282698013704201
795815219464634398
372374467571351552
333227581723639808
154405199363047424
390120987133476864
556938841391497236
471450429335666691
392464970354262016
394867454305763328
448786029348913153
349310640172826626
257219919677095936
122780100394614784
234028648166850560
353244122741735426
692224373469478963
627747212620857379
582786845327228928
313000728950210570
336593968055844874
400415609915047947
170608922510622720
321396014751940628
204255221017214977
360488106874503178
566350327335485441
484963730551996426
254109423016869888
543638462847254528
435457287507673089
262279560513585154
387656998222823454
746899982870642708
267003969685946369
273184481635205130
376054532603510787
525716917399322644
127545964276875264
102101577317240832
439205512425504771
753688414997708900
300924685317570570
280688898361917440
382158764565856256
241962698349215746
825151379823525897
830818111375671316
689205469306159123
813386136533467187
549292136147845140
395369704681897984
535297881524011008
325834355954024448
482627314706939924
436363062577070080
341359085515571202
395813601316831254
478405420260655106
217804259700375553
185604308639678465
580172212514979840
298287373543014403
538921045051179008
361214962552537110
698795757334954096
452281643244322847
303312502178054144
348114417126342656
276879652532912128
207980362930978816
180544716830408704
267684189443325954
137530862731264010
125777827659251712
702181611386568774
259410253865549826
514197744676503638
228739456327221248
378181311594102785
303615869131685888
434406907201978369
161229500884058112
195385568517947394
340570503758610432
785681831088881665
138823706746028032
222051005771153408
441786956519571466
354729878324641792
676795295270436903
609575704480317440
143178199310925825
271772842025156611
155149108183695360
745357709913620480
449878883395960832
712039575106617507
743137783140319314
229334139755692032
138341056566657025
286083519195774986
399935683508174861
618096301594247264
725211916296781835
331197365698428938
355453110279208960
625830257630511136
555901710615445525
791063650467053609
374092221613473792
308158777620692992
239387479910645761
449950357561409536
410631422290690051
162243828479164417
341031132575432716
347971450805944330
383506465371062272
265495366512803840
129782351436840960
476120673513766912
453321161061695488
447863202898771970
302050872383242240
289036424471379969
102579941236801536
617735302928269359
236490036315553792
722973536456671272
287007378422104064
540204433271816204
224410431295324170
680529454203666479
695752963435659304
527622090342400041
661426651816787968
231940795538735105
531768679264813057
286338816518914049
335470446474428440
480716581719113738
647838334542151717
646644022655582233
288444889694208001
192786788538908672
738691254681862197
267844566890053633
538778396407234580
234752747960795136
398844566351904768
287075418886897694
191144119333027840
438118090648059915
353681967440723971
217881194212229121
247776506057588738
125802239070699520
446493035757305876
107265676787331072
798413457640783872
178350075448262656
599367702460760085
256001122437693441
245221488238526465
283781826508619777
262307650442756096
746032481169571841
372180384093437952
822574159779463218
777464321693188096
448198925577355294
399352308606959616
292857145479921664
660475818283368458
444349365323169802
759104168182022204
296023718839451649
205789671836352512
324500095850512395
843522442981933076
283756110618296321
160719384480972800
487702414409990146
176469402953318401
208377616783114240
835229257885417512
197228726277111808
272569457220517888
155388536634212352
689454546824855583
547231189673574411
289207269210456064
675091501461798924
170743622591840259
170713023684542464
103149977471057920
817563599173713931
275764939065655298
425110731873320962
560269427879313437
223935214915813376
328271287023566858
98606147723870208
225783397086134273
672177318147522569
433725457519738890
338940187570864130
364325951791693826
246077526298984458
188687814475382784
726946567042629723
218852928205750273
181909185733066752
729873687242866749
262646182029950976
435853110129197056
535126875530461184
369982786356117504
